########### array before sorts ###########
0	18.415000	27.305000	83.820000	27.305000	n
1	83.820000	27.305000	84.992088	27.317890	n
2	84.992088	27.317890	86.127574	27.026983	n
3	86.127574	27.026983	87.149077	26.452102	n
4	87.149077	26.452102	87.986983	25.632426	n
5	87.986983	25.632426	88.584190	24.623814	n
6	88.584190	24.623814	88.900000	23.495000	n
7	88.900000	23.495000	88.900000	1.905000	n
8	88.900000	1.905000	88.655547	0.683193	n
9	88.655547	0.683193	88.103196	-0.433713	n
10	88.103196	-0.433713	87.280590	-1.369603	n
11	87.280590	-1.369603	86.243787	-2.060696	n
12	86.243787	-2.060696	85.063444	-2.459897	n
13	85.063444	-2.459897	83.820000	-2.540000	n
14	83.820000	-2.540000	17.780000	-2.540000	n
15	17.780000	-2.540000	17.051243	-2.360458	n
16	17.051243	-2.360458	16.393787	-1.998417	n
17	16.393787	-1.998417	15.852436	-1.478551	n
18	15.852436	-1.478551	15.464083	-0.836287	n
19	15.464083	-0.836287	15.255192	-0.115394	n
20	15.255192	-0.115394	15.240000	0.635000	n
21	15.240000	0.635000	15.240000	24.130000	n
22	15.240000	24.130000	15.348186	24.951750	n
23	15.348186	24.951750	15.665369	25.717500	n
24	15.665369	25.717500	16.169936	26.375064	n
25	16.169936	26.375064	16.827500	26.879631	n
26	16.827500	26.879631	17.593250	27.196815	n
27	17.593250	27.196815	18.415000	27.305000	n
28	69.850000	21.590000	69.850000	0.635000	n
29	72.390000	0.635000	72.390000	21.590000	n
30	72.390000	21.590000	69.850000	21.590000	n
31	72.390000	0.635000	69.850000	0.635000	n
Tolerance=0.050000.
*Exact match for i=0 and j=1.
*i point 18.415000	27.305000	83.820000	27.305000	y
*Exact match for i=1 and j=2.
*i point 83.820000	27.305000	84.992088	27.317890	y
*Exact match for i=2 and j=3.
*i point 84.992088	27.317890	86.127574	27.026983	y
*Exact match for i=3 and j=4.
*i point 86.127574	27.026983	87.149077	26.452102	y
*Exact match for i=4 and j=5.
*i point 87.149077	26.452102	87.986983	25.632426	y
*Exact match for i=5 and j=6.
*i point 87.986983	25.632426	88.584190	24.623814	y
*Exact match for i=6 and j=7.
*i point 88.584190	24.623814	88.900000	23.495000	y
*Exact match for i=7 and j=8.
*i point 88.900000	23.495000	88.900000	1.905000	y
*Exact match for i=8 and j=9.
*i point 88.900000	1.905000	88.655547	0.683193	y
*Exact match for i=9 and j=10.
*i point 88.655547	0.683193	88.103196	-0.433713	y
*Exact match for i=10 and j=11.
*i point 88.103196	-0.433713	87.280590	-1.369603	y
*Exact match for i=11 and j=12.
*i point 87.280590	-1.369603	86.243787	-2.060696	y
*Exact match for i=12 and j=13.
*i point 86.243787	-2.060696	85.063444	-2.459897	y
*Exact match for i=13 and j=14.
*i point 85.063444	-2.459897	83.820000	-2.540000	y
*Exact match for i=14 and j=15.
*i point 83.820000	-2.540000	17.780000	-2.540000	y
*Exact match for i=15 and j=16.
*i point 17.780000	-2.540000	17.051243	-2.360458	y
*Exact match for i=16 and j=17.
*i point 17.051243	-2.360458	16.393787	-1.998417	y
*Exact match for i=17 and j=18.
*i point 16.393787	-1.998417	15.852436	-1.478551	y
*Exact match for i=18 and j=19.
*i point 15.852436	-1.478551	15.464083	-0.836287	y
*Exact match for i=19 and j=20.
*i point 15.464083	-0.836287	15.255192	-0.115394	y
*Exact match for i=20 and j=21.
*i point 15.255192	-0.115394	15.240000	0.635000	y
*Exact match for i=21 and j=22.
*i point 15.240000	0.635000	15.240000	24.130000	y
*Exact match for i=22 and j=23.
*i point 15.240000	24.130000	15.348186	24.951750	y
*Exact match for i=23 and j=24.
*i point 15.348186	24.951750	15.665369	25.717500	y
*Exact match for i=24 and j=25.
*i point 15.665369	25.717500	16.169936	26.375064	y
*Exact match for i=25 and j=26.
*i point 16.169936	26.375064	16.827500	26.879631	y
*Exact match for i=26 and j=27.
*i point 16.827500	26.879631	17.593250	27.196815	y
*Exact match for i=28 and j=31.
*i point 69.850000	21.590000	69.850000	0.635000	y
	*Before flip 	72.390000	0.635000	69.850000	0.635000	y
	*After flip 	69.850000	0.635000	72.390000	0.635000	y
*Exact match for i=29 and j=31.
*i point 69.850000	0.635000	72.390000	0.635000	y
*Exact match for i=30 and j=31.
*i point 72.390000	0.635000	72.390000	21.590000	y
########### array after sorts ###########
0	18.415000	27.305000	83.820000	27.305000	y
1	83.820000	27.305000	84.992088	27.317890	y
2	84.992088	27.317890	86.127574	27.026983	y
3	86.127574	27.026983	87.149077	26.452102	y
4	87.149077	26.452102	87.986983	25.632426	y
5	87.986983	25.632426	88.584190	24.623814	y
6	88.584190	24.623814	88.900000	23.495000	y
7	88.900000	23.495000	88.900000	1.905000	y
8	88.900000	1.905000	88.655547	0.683193	y
9	88.655547	0.683193	88.103196	-0.433713	y
10	88.103196	-0.433713	87.280590	-1.369603	y
11	87.280590	-1.369603	86.243787	-2.060696	y
12	86.243787	-2.060696	85.063444	-2.459897	y
13	85.063444	-2.459897	83.820000	-2.540000	y
14	83.820000	-2.540000	17.780000	-2.540000	y
15	17.780000	-2.540000	17.051243	-2.360458	y
16	17.051243	-2.360458	16.393787	-1.998417	y
17	16.393787	-1.998417	15.852436	-1.478551	y
18	15.852436	-1.478551	15.464083	-0.836287	y
19	15.464083	-0.836287	15.255192	-0.115394	y
20	15.255192	-0.115394	15.240000	0.635000	y
21	15.240000	0.635000	15.240000	24.130000	y
22	15.240000	24.130000	15.348186	24.951750	y
23	15.348186	24.951750	15.665369	25.717500	y
24	15.665369	25.717500	16.169936	26.375064	y
25	16.169936	26.375064	16.827500	26.879631	y
26	16.827500	26.879631	17.593250	27.196815	y
27	17.593250	27.196815	18.415000	27.305000	y
28	69.850000	21.590000	69.850000	0.635000	y
29	69.850000	0.635000	72.390000	0.635000	y
30	72.390000	0.635000	72.390000	21.590000	y
31	72.390000	21.590000	69.850000	21.590000	y
***************
.BOARD_OUTLINE UNOWNED
1.6
0     18.415000     27.305000     0
0     83.820000     27.305000     0
0     84.992088     27.317890     0
0     86.127574     27.026983     0
0     87.149077     26.452102     0
0     87.986983     25.632426     0
0     88.584190     24.623814     0
0     88.900000     23.495000     0
0     88.900000     1.905000     0
0     88.655547     0.683193     0
0     88.103196     -0.433713     0
0     87.280590     -1.369603     0
0     86.243787     -2.060696     0
0     85.063444     -2.459897     0
0     83.820000     -2.540000     0
0     17.780000     -2.540000     0
0     17.051243     -2.360458     0
0     16.393787     -1.998417     0
0     15.852436     -1.478551     0
0     15.464083     -0.836287     0
0     15.255192     -0.115394     0
0     15.240000     0.635000     0
0     15.240000     24.130000     0
0     15.348186     24.951750     0
0     15.665369     25.717500     0
0     16.169936     26.375064     0
0     16.827500     26.879631     0
0     17.593250     27.196815     0
0     18.415000     27.305000     0
1     69.850000     21.590000     0
1     69.850000     0.635000     0
1     72.390000     0.635000     0
1     72.390000     21.590000     0
1     69.850000     21.590000     0
